   -0.1422729436E-01
    0.1840466777E-02    0.9135054476E-03    0.3655614885E-02
    0.9227927694E-02    0.1563344303E-02    0.2029328076E-02
    0.1118054393E-03   -0.9272945520E-04    0.2506211879E-04
   -0.4176272402E-03   -0.1055825464E-03   -0.4793924988E-04
   -0.1636471140E-02   -0.7553321195E-03   -0.3636515851E-02
   -0.3125896498E-04   -0.1324856610E-04    0.6525655436E-04
    0.8585637233E-02   -0.2404541030E-02   -0.1135203858E-02
    0.5897127336E-03    0.3548575725E-03    0.1854092255E-03
    0.8724809334E-02    0.1418016830E-02   -0.4221578620E-02
    0.2023854825E-02    0.4866063793E-03    0.2253106672E-02
   -0.9166188212E-02    0.2066365302E-02    0.9446741989E-03
   -0.8640527100E-02   -0.1409286565E-02    0.4223495610E-02
   -0.2027988335E-02   -0.1167938684E-02   -0.1897933026E-02
    0.2882260690E-04   -0.1350353917E-04   -0.5417707273E-04
    0.1312335563E-03    0.4651244192E-03    0.9435405800E-04
    0.2619007501E-04   -0.5491652080E-04    0.6986302245E-04
    0.3652693339E-04    0.5637620564E-04    0.1920123247E-05
   -0.4156622911E-05   -0.3175738924E-04    0.3933848134E-05
   -0.2643213708E-04    0.2224588698E-04   -0.5660892346E-04
   -0.9376337457E-02   -0.1297605932E-02   -0.2502061790E-02
    0.3829697234E-04   -0.5451812600E-03    0.1461113051E-03
    0.1229603437E-03   -0.3035041657E-03   -0.2676296194E-03
    0.2685975212E-04    0.4319436095E-04    0.9313987671E-04
   -0.1671273226E-04    0.1442559394E-03    0.2077583925E-04
   -0.7368437930E-04   -0.1922634117E-04    0.5485954053E-04
    0.1808595292E-04   -0.8330414404E-05    0.6367399907E-05
    0.8424891995E-05    0.1146938965E-03   -0.1557070266E-03
   -0.2718849840E-04    0.1628350515E-03   -0.1023781157E-03
    0.2904806359E-04    0.3054098316E-03    0.1672552627E-03
   -0.2465266252E-03   -0.2307300872E-04    0.2765621492E-03
    0.1081222589E-04    0.1605618226E-03   -0.2682336469E-03
    0.2409789207E-04    0.2839368201E-03    0.1529046594E-03
   -0.9284877247E-03    0.4015536214E-03    0.5969778289E-03
    0.3219795407E-04   -0.2245351519E-04    0.3326398819E-04
    0.6180733378E-04   -0.1153826934E-04   -0.7214546633E-04
    0.3207728035E-05   -0.3091019653E-04    0.9173441462E-05
    0.1344847216E-04   -0.9226493461E-05   -0.9989051538E-05
   -0.1015230032E-04    0.3618807795E-04   -0.1371441445E-04
   -0.1838522707E-04   -0.8179597515E-05   -0.1177015967E-04
    0.5233631390E-04   -0.7093627662E-04   -0.1467646520E-03
